0 2.932551319648094 0.7293946024799417 1.7094017094017093 0.1443209698369173 3.3222591362126246 2.386634844868735 2.450980392156863 0.18604651162790697 16.949152542372882 3.3333333333333335 1.408450704225352 2.8735632183908044 1.4903129657228018 0.16917611233293858 1.9569471624266144 31.25 1.3157894736842106 0.6097560975609756 1.342281879194631 0.286697247706422 8.064516129032258 3.4965034965034967 9.090909090909092 1.019367991845056 19.23076923076923 
2.932551319648094 0 0.6729475100942126 0.6476683937823834 2.6109660574412534 0.7710100231303006 0.7336757153338225 1.0626992561105206 4.329004329004329 2.2675736961451247 2.0408163265306123 0.7651109410864575 0.5934718100890207 1.0515247108307044 3.8910505836575875 0.5678591709256104 27.027027027027028 0.5602240896358543 0.7336757153338225 0.6060606060606061 6.4935064935064934 1.7793594306049823 0.975609756097561 8.474576271186441 2.3923444976076556 5.2631578947368425 
0.7293946024799417 0.6729475100942126 0 0.6715916722632639 1.9120458891013383 0.9191176470588235 0.7230657989877078 0.949667616334283 3.4364261168384878 3.067484662576687 0.8169934640522876 0.7374631268436578 0.7639419404125286 0.49455984174085066 2.493765586034913 0.5830903790087464 16.949152542372882 0.7092198581560284 0.43878894251864853 0.4366812227074236 4.405286343612334 1.7889087656529516 1.0729613733905579 4.926108374384237 2.770083102493075 4.484304932735426 
1.7094017094017093 0.6476683937823834 0.6715916722632639 0 0.9900990099009901 1.1627906976744187 0.6353240152477764 1.288659793814433 2.8735632183908044 2.7472527472527473 0.9532888465204957 0.49091801669121254 0.5574136008918618 0.4001600640256102 2.6595744680851063 0.7137758743754461 16.129032258064516 0.11846937566639024 0.13747594171020072 0.34794711203897005 4.524886877828054 1.4347202295552368 1.1947431302270013 4.524886877828054 1.4641288433382138 2.816901408450704 
0.1443209698369173 2.6109660574412534 1.9120458891013383 0.9900990099009901 0 3.6101083032490973 1.3605442176870748 1.5360983102918586 0.19623233908948196 16.129032258064516 1.8115942028985508 0.8539709649871904 1.3869625520110958 1.0660980810234542 0.2331002331002331 1.639344262295082 26.31578947368421 0.8389261744966443 0.4420866489832007 0.6157635467980296 0.40160642570281124 6.756756756756757 2.9761904761904763 9.174311926605505 0.2644802962179318 11.904761904761905 
3.3222591362126246 0.7710100231303006 0.9191176470588235 1.1627906976744187 3.6101083032490973 0 1.079913606911447 1.4598540145985401 6.369426751592357 3.257328990228013 2.386634844868735 1.0351966873706004 1.0405827263267429 1.3315579227696406 5.05050505050505 0.8389261744966443 28.571428571428573 1.17096018735363 0.8382229673093042 0.7283321194464676 8.0 2.262443438914027 1.3245033112582782 15.151515151515152 3.816793893129771 9.900990099009901 
2.386634844868735 0.7336757153338225 0.7230657989877078 0.6353240152477764 1.3605442176870748 1.079913606911447 0 1.6051364365971108 3.401360544217687 2.824858757062147 1.267427122940431 1.0 1.015228426395939 0.8051529790660226 3.4722222222222223 0.9033423667570009 11.764705882352942 0.8748906386701663 0.7686395080707148 0.5434782608695652 4.975124378109452 2.0 1.3245033112582782 4.878048780487805 2.3094688221709005 5.128205128205129 
2.450980392156863 1.0626992561105206 0.949667616334283 1.288659793814433 1.5360983102918586 1.4598540145985401 1.6051364365971108 0 3.717472118959108 3.0959752321981426 1.4492753623188406 0.7102272727272727 0.8038585209003215 1.3071895424836601 2.6954177897574123 0.8257638315441783 25.641025641025642 0.7763975155279503 0.7633587786259542 0.5694760820045558 6.369426751592357 3.4965034965034967 1.0822510822510822 18.51851851851852 2.3923444976076556 6.802721088435374 
0.18604651162790697 4.329004329004329 3.4364261168384878 2.8735632183908044 0.19623233908948196 6.369426751592357 3.401360544217687 3.717472118959108 0 13.698630136986301 4.329004329004329 1.447178002894356 3.367003367003367 1.8214936247723132 0.29239766081871343 3.236245954692557 41.666666666666664 1.7064846416382253 1.287001287001287 1.7761989342806395 0.242600679281902 9.174311926605505 4.016064257028113 14.925373134328359 0.8658008658008658 20.833333333333332 
16.949152542372882 2.2675736961451247 3.067484662576687 2.7472527472527473 16.129032258064516 3.257328990228013 2.824858757062147 3.0959752321981426 13.698630136986301 0 7.246376811594203 2.5510204081632653 2.7247956403269753 3.5460992907801416 18.867924528301888 2.6666666666666665 111.11111111111111 2.4271844660194173 2.6455026455026456 2.34192037470726 66.66666666666667 6.369426751592357 4.201680672268908 43.47826086956522 5.58659217877095 10.416666666666666 
3.3333333333333335 2.0408163265306123 0.8169934640522876 0.9532888465204957 1.8115942028985508 2.386634844868735 1.267427122940431 1.4492753623188406 4.329004329004329 7.246376811594203 0 1.0080645161290323 1.1534025374855825 0.9852216748768473 4.716981132075472 1.1013215859030836 19.607843137254903 1.2004801920768307 1.001001001001001 0.6839945280437757 6.134969325153374 2.127659574468085 1.976284584980237 6.8493150684931505 3.1545741324921135 5.882352941176471 
1.408450704225352 0.7651109410864575 0.7374631268436578 0.49091801669121254 0.8539709649871904 1.0351966873706004 1.0 0.7102272727272727 1.447178002894356 2.5510204081632653 1.0080645161290323 0 0.5899705014749262 0.36927621861152143 1.5649452269170578 0.6373486297004461 19.607843137254903 0.25568908207619534 0.4476275738585497 0.3862495171881035 2.525252525252525 1.321003963011889 0.9615384615384616 4.098360655737705 2.0366598778004072 3.8314176245210727 
2.8735632183908044 0.5934718100890207 0.7639419404125286 0.5574136008918618 1.3869625520110958 1.0405827263267429 1.015228426395939 0.8038585209003215 3.367003367003367 2.7247956403269753 1.1534025374855825 0.5899705014749262 0 0.6978367062107467 3.5211267605633805 0.46511627906976744 21.73913043478261 0.6176652254478073 0.6468305304010349 0.30413625304136255 4.9504950495049505 1.440922190201729 1.152073732718894 4.926108374384237 2.1551724137931036 3.3444816053511706 
1.4903129657228018 1.0515247108307044 0.49455984174085066 0.4001600640256102 1.0660980810234542 1.3315579227696406 0.8051529790660226 1.3071895424836601 1.8214936247723132 3.5460992907801416 0.9852216748768473 0.36927621861152143 0.6978367062107467 0 2.4154589371980677 0.6116207951070336 27.77777777777778 0.32765399737876805 0.400320256204964 0.38255547054322875 2.577319587628866 1.567398119122257 1.2626262626262625 2.710027100271003 1.937984496124031 2.857142857142857 
0.16917611233293858 3.8910505836575875 2.493765586034913 2.6595744680851063 0.2331002331002331 5.05050505050505 3.4722222222222223 2.6954177897574123 0.29239766081871343 18.867924528301888 4.716981132075472 1.5649452269170578 3.5211267605633805 2.4154589371980677 0 2.380952380952381 19.607843137254903 1.422475106685633 1.392757660167131 1.8484288354898337 0.3824091778202677 8.928571428571429 3.125 14.705882352941176 1.1806375442739079 22.727272727272727 
1.9569471624266144 0.5678591709256104 0.5830903790087464 0.7137758743754461 1.639344262295082 0.8389261744966443 0.9033423667570009 0.8257638315441783 3.236245954692557 2.6666666666666665 1.1013215859030836 0.6373486297004461 0.46511627906976744 0.6116207951070336 2.380952380952381 0 26.31578947368421 0.6954102920723226 0.5583472920156337 0.44130626654898497 3.597122302158273 1.3986013986013985 0.9259259259259259 4.694835680751174 2.347417840375587 4.329004329004329 
31.25 27.027027027027028 16.949152542372882 16.129032258064516 26.31578947368421 28.571428571428573 11.764705882352942 25.641025641025642 41.666666666666664 111.11111111111111 19.607843137254903 19.607843137254903 21.73913043478261 27.77777777777778 19.607843137254903 26.31578947368421 0 27.027027027027028 14.705882352941176 18.51851851851852 45.45454545454545 52.63157894736842 33.333333333333336 66.66666666666667 41.666666666666664 125.0 
1.3157894736842106 0.5602240896358543 0.7092198581560284 0.11846937566639024 0.8389261744966443 1.17096018735363 0.8748906386701663 0.7763975155279503 1.7064846416382253 2.4271844660194173 1.2004801920768307 0.25568908207619534 0.6176652254478073 0.32765399737876805 1.422475106685633 0.6954102920723226 27.027027027027028 0 0.1987281399046105 0.3663003663003663 1.7421602787456445 1.3793103448275863 0.9940357852882704 3.6231884057971016 1.364256480218281 3.4364261168384878 
0.6097560975609756 0.7336757153338225 0.43878894251864853 0.13747594171020072 0.4420866489832007 0.8382229673093042 0.7686395080707148 0.7633587786259542 1.287001287001287 2.6455026455026456 1.001001001001001 0.4476275738585497 0.6468305304010349 0.400320256204964 1.392757660167131 0.5583472920156337 14.705882352941176 0.1987281399046105 0 0.2691790040376851 2.074688796680498 1.3736263736263736 0.9881422924901185 3.389830508474576 0.35486160397445 0.3459010722933241 
1.342281879194631 0.6060606060606061 0.4366812227074236 0.34794711203897005 0.6157635467980296 0.7283321194464676 0.5434782608695652 0.5694760820045558 1.7761989342806395 2.34192037470726 0.6839945280437757 0.3862495171881035 0.30413625304136255 0.38255547054322875 1.8484288354898337 0.44130626654898497 18.51851851851852 0.3663003663003663 0.2691790040376851 0 2.3923444976076556 1.1402508551881414 0.7272727272727273 3.5211267605633805 1.303780964797914 1.953125 
0.286697247706422 6.4935064935064934 4.405286343612334 4.524886877828054 0.40160642570281124 8.0 4.975124378109452 6.369426751592357 0.242600679281902 66.66666666666667 6.134969325153374 2.525252525252525 4.9504950495049505 2.577319587628866 0.3824091778202677 3.597122302158273 45.45454545454545 1.7421602787456445 2.074688796680498 2.3923444976076556 0 10.989010989010989 3.1847133757961785 25.0 2.6041666666666665 47.61904761904762 
8.064516129032258 1.7793594306049823 1.7889087656529516 1.4347202295552368 6.756756756756757 2.262443438914027 2.0 3.4965034965034967 9.174311926605505 6.369426751592357 2.127659574468085 1.321003963011889 1.440922190201729 1.567398119122257 8.928571428571429 1.3986013986013985 52.63157894736842 1.3793103448275863 1.3736263736263736 1.1402508551881414 10.989010989010989 0 2.3980815347721824 7.874015748031496 4.694835680751174 5.376344086021505 
3.4965034965034967 0.975609756097561 1.0729613733905579 1.1947431302270013 2.9761904761904763 1.3245033112582782 1.3245033112582782 1.0822510822510822 4.016064257028113 4.201680672268908 1.976284584980237 0.9615384615384616 1.152073732718894 1.2626262626262625 3.125 0.9259259259259259 33.333333333333336 0.9940357852882704 0.9881422924901185 0.7272727272727273 3.1847133757961785 2.3980815347721824 0 7.6923076923076925 2.237136465324385 6.7114093959731544 
9.090909090909092 8.474576271186441 4.926108374384237 4.524886877828054 9.174311926605505 15.151515151515152 4.878048780487805 18.51851851851852 14.925373134328359 43.47826086956522 6.8493150684931505 4.098360655737705 4.926108374384237 2.710027100271003 14.705882352941176 4.694835680751174 66.66666666666667 3.6231884057971016 3.389830508474576 3.5211267605633805 25.0 7.874015748031496 7.6923076923076925 0 8.333333333333334 16.666666666666668 
1.019367991845056 2.3923444976076556 2.770083102493075 1.4641288433382138 0.2644802962179318 3.816793893129771 2.3094688221709005 2.3923444976076556 0.8658008658008658 5.58659217877095 3.1545741324921135 2.0366598778004072 2.1551724137931036 1.937984496124031 1.1806375442739079 2.347417840375587 41.666666666666664 1.364256480218281 0.35486160397445 1.303780964797914 2.6041666666666665 4.694835680751174 2.237136465324385 8.333333333333334 0 8.130081300813009 
19.23076923076923 5.2631578947368425 4.484304932735426 2.816901408450704 11.904761904761905 9.900990099009901 5.128205128205129 6.802721088435374 20.833333333333332 10.416666666666666 5.882352941176471 3.8314176245210727 3.3444816053511706 2.857142857142857 22.727272727272727 4.329004329004329 125.0 3.4364261168384878 0.3459010722933241 1.953125 47.61904761904762 5.376344086021505 6.7114093959731544 16.666666666666668 8.130081300813009 0 
